 15 11 27 70 10 57 17 14 18 59 55 67 15 11 27 70 10 57 17 14 18 59 55 67 15 11 27 70 10 57 17 14 18 59 55 67.
 22 50 42 72 45 61 4 27 63 55 33 29 22 50 42 72 45 61 4 27 63 55 33 29 22 50 42 72 45 61 4 27 63 55 33 29.
 10 35 17 17 72 16 23 15 32 36 43 11 10 35 17 17 72 16 23 15 32 36 43 11 10 35 17 17 72 16 23 15 32 36 43 11.
 19 28 4 63 47 24 44 21 9 11 22 25 19 28 4 63 47 24 44 21 9 11 22 25 19 28 4 63 47 24 44 21 9 11 22 25.
 72 29 67 50 71 32 66 51 53 9 69 63 72 29 67 50 71 32 66 51 53 9 69 63 72 29 67 50 71 32 66 51 53 9 69 63.
 45 59 30 62 8 29 56 34 55 20 66 18 45 59 30 62 8 29 56 34 55 20 66 18 45 59 30 62 8 29 56 34 55 20 66 18.
 41 19 35 7 25 48 5 72 18 23 15 50 41 19 35 7 25 48 5 72 18 23 15 50 41 19 35 7 25 48 5 72 18 23 15 50.
 63 11 39 57 24 13 8 16 9 12 14 4 63 11 39 57 24 13 8 16 9 12 14 4 63 11 39 57 24 13 8 16 9 12 14 4.
 4 16 7 18 65 50 40 52 44 55 39 36 4 16 7 18 65 50 40 52 44 55 39 36 4 16 7 18 65 50 40 52 44 55 39 36.
 53 15 9 34 57 56 31 14 38 72 62 13 53 15 9 34 57 56 31 14 38 72 62 13 53 15 9 34 57 56 31 14 38 72 62 13.
 12 26 22 29 41 47 65 64 61 35 33 23 12 26 22 29 41 47 65 64 61 35 33 23 12 26 22 29 41 47 65 64 61 35 33 23.
 43 24 15 52 59 55 56 57 53 50 1 45 43 24 15 52 59 55 56 57 53 50 1 45 43 24 15 52 59 55 56 57 53 50 1 45.
 17 13 10 16 18 5 6 19 7 8 9 11 17 13 10 16 18 5 6 19 7 8 9 11 17 13 10 16 18 5 6 19 7 8 9 11.
 11 12 62 41 8 9 19 57 64 31 23 13 13 12 62 41 8 9 19 57 64 31 23 13 13 12 62 41 8 9 19 57 64 31 23 13.
 40 42 64 25 10 17 48 13 21 20 39 55 40 42 64 25 10 17 48 13 21 20 39 55 40 42 64 25 10 17 48 13 21 20 39 55.
 32 20 26 72 16 12 55 34 56 11 63 69 32 20 26 72 16 12 55 34 56 11 63 69 32 20 26 72 16 12 55 34 56 11 63 69.
 63 44 68 12 38 24 39 67 62 16 13 9 63 44 68 12 38 24 39 67 62 16 13 9 63 44 68 12 38 24 39 67 62 16 13 9.
 35 73 36 27 33 25 46 56 71 62 32 74 35 73 36 27 33 25 46 56 71 62 32 74 35 73 36 27 33 25 46 56 71 62 32 74.
 15 11 19 61 23 40 12 10 9 31 16 59 15 11 19 61 23 40 12 10 9 31 16 59 15 11 19 61 23 40 12 10 9 31 16 59.
 67 16 70 27 11 18 26 22 5 51 21 39 67 16 70 27 11 18 26 22 5 51 21 39 67 16 70 27 11 18 26 22 5 51 21 39.
 66 47 68 6 29 44 9 45 14 33 28 17 66 47 68 6 29 44 9 45 14 33 28 17 66 47 68 6 29 44 9 45 14 33 28 17.
 4 23 24 12 29 40 43 62 21 74 11 16 4 23 24 12 29 40 43 62 21 74 11 16 4 23 24 12 29 40 43 62 21 74 11 16.
 15 11 27 70 10 57 17 14 18 59 55 67 15 11 27 70 10 57 17 14 18 59 55 67 15 11 27 70 10 57 17 14 18 59 55 67.
 9 63 45 50 25 43 41 36 13 12 20 16 9 63 45 50 25 43 41 36 13 12 20 16 9 63 45 50 25 43 41 36 13 12 20 16.
 67 23 19 12 61 35 13 25 21 18 63 42 67 23 19 12 61 35 13 25 21 18 63 42 67 23 19 12 61 35 13 25 21 18 63 42.
 63 19 6 32 16 57 56 61 72 68 75 51 63 19 6 32 16 57 56 61 72 68 75 51 63 19 6 32 16 57 56 61 72 68 75 51.
